-76.617195,39.327692 -76.617256,39.327575 13.98081224591603 Abel_Wolman_House--Steinwald_House
-76.620791,39.328583 -76.619988,39.328616 69.15471544678725 Ames_Hall--Krieger_Hall
-76.619787,39.331919 -76.619129,39.331473 75.30659116955307 AMR3--AMR2
-76.618483,39.330674 -76.619129,39.331473 104.85424088781195 AMR1--AMR2
-76.619129,39.331473 -76.619787,39.331919 75.30659116955307 AMR2--AMR3
-76.619503,39.325996 -76.620265,39.326415 80.4495381214026 Baltimore_Museum_of_Art--Shriver_Hall
-76.616263,39.328314 -76.616383,39.328522 25.372538051347398 Barnes_&_Noble--Charles_Commons
-76.620651,39.327139 -76.620916,39.326873 37.291903852235116 Barton_Hall--Hackerman_Hall
-76.623356,39.331695 -76.623356,39.33281 124.01014106726271 Bloomberg_Center_for_Physics_&_Astronomy--Steven_Muller_Bldg.
-76.619503,39.325996 -76.620265,39.326415 80.4495381214026 BMA_Sculpture_Garden--Shriver_Hall
-76.615658,39.328459 -76.616263,39.328314 54.47863126950662 Bradford_Apts.--Barnes_&_Noble
-76.619335,39.328421 -76.619,39.328101 45.732295197264996 Brody_Learning_Commons--Merrick_Barn
-76.617398,39.331876 -76.616699,39.331138 101.84407233811432 Bunting_Meyerhoff_Interfaith_and_Community_Service_Center--Rogers_House
-76.616383,39.328522 -76.616263,39.328314 25.372538051347398 Charles_Commons--Barnes_&_Noble
-76.621444,39.330336 -76.620797,39.330175 58.45232849770237 Chemistry_Bldg.--Macaulay_Hall
-76.622286,39.326896 -76.622349,39.327555 73.49398597025615 Clark_Hall--Hodson_Hall
-76.619505,39.327173 -76.619946,39.327179 38.019032808435256 Croft_Hall--Shaffer_Hall
-76.617737,39.323056 -76.617705,39.322373 76.00719657287706 Dell_House--Education_Building
-76.620152,39.330216 -76.620797,39.330175 55.67785194633086 Dunning_Hall--Macaulay_Hall
-76.617705,39.322373 -76.617737,39.323056 76.00719657287706 Education_Building--Dell_House
-76.62159,39.327351 -76.622349,39.327555 69.19133279716202 Garland_Hall--Hodson_Hall
-76.618255,39.326473 -76.618959,39.327025 86.21703657850678 Gatehouse--Power_Plant
-76.621619,39.328941 -76.621789,39.328445 57.05446446879524 Gilman_Hall--Glass_Pavilion
-76.621789,39.328445 -76.621689,39.328053 44.45806778186823 Glass_Pavilion--Levering_Hall
-76.622527,39.329244 -76.623143,39.32976 78.0941021516664 Greenhouse_&_Greenhouse_South--Nichols_House
-76.620916,39.326873 -76.620651,39.327139 37.291903852235116 Hackerman_Hall--Barton_Hall
-76.622349,39.327555 -76.62159,39.327351 69.19133279716202 Hodson_Hall--Garland_Hall
-76.616855,39.32529 -76.61706,39.326521 138.04213455020258 Homewood_Apts.--Smokler_Center_for_Jewish_Life_(Hillel)
-76.620873,39.333436 -76.621882,39.333233 89.68220916140038 Homewood_Field--ROTC_Bldg
-76.618946,39.329743 -76.619425,39.329053 87.0940586143533 Homewood_Museum--Milton_S._Eisenhower_Library
-76.619501,39.345959 -76.62186,39.334646 1274.6604352624133 Jenkins_Hall--Lacrosse_Hall_of_Fame
-76.622243,39.33015 -76.621444,39.330336 71.8048408991347 Johns_Hopkins_Club--Chemistry_Bldg.
-76.619988,39.328616 -76.619335,39.328421 60.244905558613304 Krieger_Hall--Brody_Learning_Commons
-76.62186,39.334646 -76.621882,39.333233 157.123957974496 Lacrosse_Hall_of_Fame--ROTC_Bldg
-76.620776,39.327721 -76.620651,39.327139 65.61494118708481 Latrobe_Hall--Barton_Hall
-76.621689,39.328053 -76.621789,39.328445 44.45806778186823 Levering_Hall--Glass_Pavilion
-76.620797,39.330175 -76.620152,39.330216 55.67785194633086 Macaulay_Hall--Dunning_Hall
-76.620883,39.326204 -76.620265,39.326415 58.16225478578063 Malone_Hall--Shriver_Hall
-76.619993,39.327988 -76.619988,39.328616 69.82039980173397 Maryland_Hall--Krieger_Hall
-76.62155,39.32591 -76.620883,39.326204 66.10110830310971 Mason_Hall--Malone_Hall
-76.618371,39.327802 -76.619,39.328101 63.54016938710021 Mattin_Center--Merrick_Barn
-76.624944,39.330951 -76.624213,39.330561 76.4082963555935 Maxine_F._Singer_Bldg.
-76.616769,39.329399 -76.616908,39.328945 51.88724317345971 McCoy_Hall--Wolman_Hall
-76.620654,39.329599 -76.620057,39.329465 53.47100773890216 Mergenthaler_Hall--Remsen_Hall
-76.619,39.328101 -76.619335,39.328421 45.732295197264996 Merrick_Barn--Brody_Learning_Commons
-76.619425,39.329053 -76.619988,39.328616 68.63498198965873 Milton_S._Eisenhower_Library--Krieger_Hall
-76.620536,39.330875 -76.620647,39.331158 32.94739819407914 Mudd_Hall--Undergraduate_Teaching_Labs
-76.623143,39.32976 -76.622527,39.329244 78.0941021516664 Nichols_House--Greenhouse_&_Greenhouse_South
-76.62369,39.328154 -76.622349,39.327555 133.20517350230514 Olin_Hall--Hodson_Hall
-76.618959,39.327025 -76.618995,39.327319 32.82660427542718 Power_Plant--Whitehead_Hall
-76.621286,39.332114 -76.620647,39.331158 119.60793253821488 Ralph_S._O'Connor_Recreation_Center--Undergraduate_Teaching_Labs
-76.620057,39.329465 -76.620654,39.329599 53.47100773890216 Remsen_Hall--Mergenthaler_Hall
-76.616699,39.331138 -76.617398,39.331876 101.84407233811432 Rogers_House--Bunting_Meyerhoff_Interfaith_and_Community_Service_Center
-76.621882,39.333233 -76.620873,39.333436 89.68220916140038 ROTC_Bldg--Homewood_Field
-76.624213,39.330561 -76.624944,39.330951 76.4082963555935 San_Martin_Center--Maxine_F._Singer_Bldg.
-76.619946,39.327179 -76.619505,39.327173 38.019032808435256 Shaffer_Hall--Croft_Hall
-76.620265,39.326415 -76.620883,39.326204 58.16225478578063 Shriver_Hall--Malone_Hall
-76.61706,39.326521 -76.618255,39.326473 103.01829788533158 Smokler_Center_for_Jewish_Life_(Hillel)--Gatehouse
-76.617256,39.327575 -76.617195,39.327692 13.98081224591603 Steinwald_House--Abel_Wolman_House
-76.623356,39.33281 -76.623356,39.331695 124.01014106726271 Steven_Muller_Bldg.
-76.617201,39.327864 -76.617195,39.327692 19.138038643873035 The_Blackstone_Apts.--Abel_Wolman_House
-76.617179,39.328678 -76.616908,39.328945 37.75061643120572 The_Charles_Apts.--Wolman_Hall
-76.620647,39.331158 -76.620536,39.330875 32.94739819407914 Undergraduate_Teaching_Labs--Mudd_Hall
-76.618995,39.327319 -76.618959,39.327025 32.82660427542718 Whitehead_Hall--Power_Plant
-76.616908,39.328945 -76.617179,39.328678 37.75061643120572 Wolman_Hall--The_Charles_Apts.
-76.622764,39.32516 -76.62155,39.32591 133.60551863145517 Wyman_Park_Bldg.--Mason_Hall
-76.617195,39.327692 -76.617201,39.327864 19.138038643873035 Abel_Wolman_House--The_Blackstone_Apts.
-76.620791,39.328583 -76.621619,39.328941 81.62125564497086 Ames_Hall--Gilman_Hall
-76.619787,39.331919 -76.620647,39.331158 112.42850513137147 AMR3--Undergraduate_Teaching_Labs
-76.618483,39.330674 -76.618946,39.329743 110.92870135854588 AMR1--Homewood_Museum
-76.619129,39.331473 -76.618483,39.330674 104.85424088781195 AMR2--AMR1
-76.619503,39.325996 -76.618255,39.326473 119.80236228957682 Baltimore_Museum_of_Art--Gatehouse
-76.616263,39.328314 -76.615658,39.328459 54.47863126950662 Barnes_&_Noble--Bradford_Apts.
-76.620651,39.327139 -76.619946,39.327179 60.81470404706718 Barton_Hall--Shaffer_Hall
-76.623356,39.331695 -76.624213,39.330561 146.16438865153984 Bloomberg_Center_for_Physics_&_Astronomy--San_Martin_Center
-76.619503,39.325996 -76.618255,39.326473 119.80236228957682 BMA_Sculpture_Garden--Gatehouse
-76.615658,39.328459 -76.616383,39.328522 62.77443357857565 Bradford_Apts.--Charles_Commons
-76.619335,39.328421 -76.619988,39.328616 60.244905558613304 Brody_Learning_Commons--Krieger_Hall
-76.617398,39.331876 -76.619129,39.331473 155.50333974239282 Bunting_Meyerhoff_Interfaith_and_Community_Service_Center--AMR2
-76.616383,39.328522 -76.615658,39.328459 62.77443357857565 Charles_Commons--Bradford_Apts.
-76.621444,39.330336 -76.622243,39.33015 71.8048408991347 Chemistry_Bldg.--Johns_Hopkins_Club
-76.622286,39.326896 -76.62159,39.327351 78.39860075296815 Clark_Hall--Garland_Hall
-76.619505,39.327173 -76.618995,39.327319 46.7412462192457 Croft_Hall--Whitehead_Hall
-76.617737,39.323056 -76.616855,39.32529 259.8556901160352 Dell_House--Homewood_Apts.
-76.620152,39.330216 -76.620536,39.330875 80.35736133574507 Dunning_Hall--Mudd_Hall
-76.617705,39.322373 -76.616855,39.32529 332.63678471759033 Education_Building--Homewood_Apts.
-76.62159,39.327351 -76.622286,39.326896 78.39860075296815 Garland_Hall--Clark_Hall
-76.618255,39.326473 -76.61706,39.326521 103.01829788533158 Gatehouse--Smokler_Center_for_Jewish_Life_(Hillel)
-76.621619,39.328941 -76.620791,39.328583 81.62125564497086 Gilman_Hall--Ames_Hall
-76.621789,39.328445 -76.621619,39.328941 57.05446446879524 Glass_Pavilion--Gilman_Hall
-76.622527,39.329244 -76.621619,39.328941 85.1450156809666 Greenhouse_&_Greenhouse_South--Gilman_Hall
-76.620916,39.326873 -76.620883,39.326204 74.46560530546948 Hackerman_Hall--Malone_Hall
-76.622349,39.327555 -76.622286,39.326896 73.49398597025615 Hodson_Hall--Clark_Hall
-76.616855,39.32529 -76.618255,39.326473 178.4164841440752 Homewood_Apts.--Gatehouse
-76.620873,39.333436 -76.621286,39.332114 151.37115738778547 Homewood_Field--Ralph_S._O'Connor_Recreation_Center
-76.618946,39.329743 -76.620057,39.329465 100.47999556675767 Homewood_Museum--Remsen_Hall
-76.619501,39.345959 -76.620873,39.333436 1397.8908158673094 Jenkins_Hall--Homewood_Field
-76.622243,39.33015 -76.623143,39.32976 88.7504717617421 Johns_Hopkins_Club--Nichols_House
-76.619988,39.328616 -76.619425,39.329053 68.63498198965873 Krieger_Hall--Milton_S._Eisenhower_Library
-76.62186,39.334646 -76.620873,39.333436 159.01935069364123 Lacrosse_Hall_of_Fame--Homewood_Field
-76.620776,39.327721 -76.619993,39.327988 73.65057468491506 Latrobe_Hall--Maryland_Hall
-76.621689,39.328053 -76.62159,39.327351 78.47479261392463 Levering_Hall--Garland_Hall
-76.620797,39.330175 -76.621444,39.330336 58.45232849770237 Macaulay_Hall--Chemistry_Bldg.
-76.620883,39.326204 -76.62155,39.32591 66.10110830310971 Malone_Hall--Mason_Hall
-76.619993,39.327988 -76.620776,39.327721 73.65057468491506 Maryland_Hall--Latrobe_Hall
-76.62155,39.32591 -76.620916,39.326873 120.28783599820918 Mason_Hall--Hackerman_Hall
-76.618371,39.327802 -76.618995,39.327319 75.96398734688123 Mattin_Center--Whitehead_Hall
-76.624944,39.330951 -76.623356,39.331695 159.78713457223148 Maxine_F._Singer_Bldg.
-76.616769,39.329399 -76.617179,39.328678 87.59811122656761 McCoy_Hall--The_Charles_Apts.
-76.620654,39.329599 -76.620797,39.330175 65.22205001941421 Mergenthaler_Hall--Macaulay_Hall
-76.619,39.328101 -76.618371,39.327802 63.54016938710021 Merrick_Barn--Mattin_Center
-76.619425,39.329053 -76.619335,39.328421 70.7546822772117 Milton_S._Eisenhower_Library--Brody_Learning_Commons
-76.620536,39.330875 -76.620152,39.330216 80.35736133574507 Mudd_Hall--Dunning_Hall
-76.623143,39.32976 -76.622243,39.33015 88.7504717617421 Nichols_House--Johns_Hopkins_Club
-76.62369,39.328154 -76.622527,39.329244 157.23449623921988 Olin_Hall--Greenhouse_&_Greenhouse_South
-76.618959,39.327025 -76.619505,39.327173 49.74659099745455 Power_Plant--Croft_Hall
-76.621286,39.332114 -76.619787,39.331919 130.77767925990412 Ralph_S._O'Connor_Recreation_Center--AMR3
-76.620057,39.329465 -76.619425,39.329053 71.08941948482715 Remsen_Hall--Milton_S._Eisenhower_Library
-76.616699,39.331138 -76.618483,39.330674 161.98102997415634 Rogers_House--AMR1
-76.621882,39.333233 -76.621286,39.332114 134.66271534723273 ROTC_Bldg--Ralph_S._O'Connor_Recreation_Center
-76.624213,39.330561 -76.623143,39.32976 128.0819357963735 San_Martin_Center--Nichols_House
-76.619946,39.327179 -76.620651,39.327139 60.81470404706718 Shaffer_Hall--Barton_Hall
-76.620265,39.326415 -76.620916,39.326873 75.72071625979505 Shriver_Hall--Hackerman_Hall
-76.61706,39.326521 -76.617256,39.327575 118.45886126257538 Smokler_Center_for_Jewish_Life_(Hillel)--Steinwald_House
-76.617256,39.327575 -76.617201,39.327864 32.43936797615068 Steinwald_House--The_Blackstone_Apts.
-76.623356,39.33281 -76.621882,39.333233 135.21999809195123 Steven_Muller_Bldg.
-76.617201,39.327864 -76.617256,39.327575 32.43936797615068 The_Blackstone_Apts.--Steinwald_House
-76.617179,39.328678 -76.616383,39.328522 70.6092401119077 The_Charles_Apts.--Charles_Commons
-76.620647,39.331158 -76.620797,39.330175 110.17423546515863 Undergraduate_Teaching_Labs--Macaulay_Hall
-76.618995,39.327319 -76.619505,39.327173 46.7412462192457 Whitehead_Hall--Croft_Hall
-76.616908,39.328945 -76.616769,39.329399 51.88724317345971 Wolman_Hall--McCoy_Hall
-76.622764,39.32516 -76.622286,39.326896 197.46636980191062 Wyman_Park_Bldg.--Clark_Hall
-76.617195,39.327692 -76.618371,39.327802 101.94253582133348 Abel_Wolman_House--Mattin_Center
-76.620791,39.328583 -76.621789,39.328445 87.23270756712112 Ames_Hall--Glass_Pavilion
-76.619787,39.331919 -76.621286,39.332114 130.77767925990412 AMR3--Ralph_S._O'Connor_Recreation_Center
-76.618483,39.330674 -76.620152,39.330216 152.34241339934414 AMR1--Dunning_Hall
-76.619129,39.331473 -76.620647,39.331158 135.24195473653447 AMR2--Undergraduate_Teaching_Labs
-76.619503,39.325996 -76.620883,39.326204 120.9732604224873 Baltimore_Museum_of_Art--Malone_Hall
-76.616263,39.328314 -76.617179,39.328678 88.59561803006541 Barnes_&_Noble--The_Charles_Apts.
-76.620651,39.327139 -76.620776,39.327721 65.61494118708481 Barton_Hall--Latrobe_Hall
-76.623356,39.331695 -76.624944,39.330951 159.78713457223148 Bloomberg_Center_for_Physics_&_Astronomy--Maxine_F._Singer_Bldg.
-76.619503,39.325996 -76.620883,39.326204 120.9732604224873 BMA_Sculpture_Garden--Malone_Hall
-76.615658,39.328459 -76.616908,39.328945 120.37453963157667 Bradford_Apts.--Wolman_Hall
-76.619335,39.328421 -76.619425,39.329053 70.7546822772117 Brody_Learning_Commons--Milton_S._Eisenhower_Library
-76.617398,39.331876 -76.618483,39.330674 163.1299978464749 Bunting_Meyerhoff_Interfaith_and_Community_Service_Center--AMR1
-76.616383,39.328522 -76.616908,39.328945 65.21945153553321 Charles_Commons--Wolman_Hall
-76.621444,39.330336 -76.620536,39.330875 98.51534287740844 Chemistry_Bldg.--Mudd_Hall
-76.622286,39.326896 -76.620916,39.326873 117.89539506592871 Clark_Hall--Hackerman_Hall
-76.619505,39.327173 -76.618959,39.327025 49.74659099745455 Croft_Hall--Power_Plant
-76.617737,39.323056 -76.619503,39.325996 360.5907128610272 Dell_House--Baltimore_Museum_of_Art
-76.620152,39.330216 -76.620654,39.329599 81.10789369129459 Dunning_Hall--Mergenthaler_Hall
-76.617705,39.322373 -76.619503,39.325996 431.62649206179935 Education_Building--Baltimore_Museum_of_Art
-76.62159,39.327351 -76.621689,39.328053 78.47479261392463 Garland_Hall--Levering_Hall
-76.618255,39.326473 -76.618995,39.327319 113.57483443674518 Gatehouse--Whitehead_Hall
-76.621619,39.328941 -76.622527,39.329244 85.1450156809666 Gilman_Hall--Greenhouse_&_Greenhouse_South
-76.621789,39.328445 -76.620791,39.328583 87.23270756712112 Glass_Pavilion--Ames_Hall
-76.622527,39.329244 -76.622243,39.33015 103.70303823908522 Greenhouse_&_Greenhouse_South--Johns_Hopkins_Club
-76.620916,39.326873 -76.620265,39.326415 75.72071625979505 Hackerman_Hall--Shriver_Hall
-76.622349,39.327555 -76.621689,39.328053 79.2803316769388 Hodson_Hall--Levering_Hall
-76.616855,39.32529 -76.619503,39.325996 241.009289500701 Homewood_Apts.--Baltimore_Museum_of_Art
-76.620873,39.333436 -76.62186,39.334646 159.01935069364123 Homewood_Field--Lacrosse_Hall_of_Fame
-76.618946,39.329743 -76.618483,39.330674 110.92870135854588 Homewood_Museum--AMR1
-76.619501,39.345959 -76.621882,39.333233 1430.2632095146944 Jenkins_Hall--ROTC_Bldg
-76.622243,39.33015 -76.622527,39.329244 103.70303823908522 Johns_Hopkins_Club--Greenhouse_&_Greenhouse_South
-76.619988,39.328616 -76.620791,39.328583 69.15471544678725 Krieger_Hall--Ames_Hall
-76.62186,39.334646 -76.623356,39.33281 241.33997582337614 Lacrosse_Hall_of_Fame--Steven_Muller_Bldg.
-76.620776,39.327721 -76.62159,39.327351 81.15163792246433 Latrobe_Hall--Garland_Hall
-76.621689,39.328053 -76.622349,39.327555 79.2803316769388 Levering_Hall--Hodson_Hall
-76.620797,39.330175 -76.620654,39.329599 65.22205001941421 Macaulay_Hall--Mergenthaler_Hall
-76.620883,39.326204 -76.620916,39.326873 74.46560530546948 Malone_Hall--Hackerman_Hall
-76.619993,39.327988 -76.619335,39.328421 74.30522089628026 Maryland_Hall--Brody_Learning_Commons
-76.62155,39.32591 -76.620265,39.326415 124.0982945094542 Mason_Hall--Shriver_Hall
-76.618371,39.327802 -76.617256,39.327575 99.21553175421184 Mattin_Center--Steinwald_House
-76.624944,39.330951 -76.623143,39.32976 203.84040718062266 Maxine_F._Singer_Bldg.
-76.616769,39.329399 -76.616383,39.328522 103.06307258253362 McCoy_Hall--Charles_Commons
-76.620654,39.329599 -76.620152,39.330216 81.10789369129459 Mergenthaler_Hall--Dunning_Hall
-76.619,39.328101 -76.619993,39.327988 86.35692859366361 Merrick_Barn--Maryland_Hall
-76.619425,39.329053 -76.620057,39.329465 71.08941948482715 Milton_S._Eisenhower_Library--Remsen_Hall
-76.620536,39.330875 -76.620797,39.330175 81.0735832725274 Mudd_Hall--Macaulay_Hall
-76.623143,39.32976 -76.624213,39.330561 128.0819357963735 Nichols_House--San_Martin_Center
-76.62369,39.328154 -76.621789,39.328445 166.76429786351687 Olin_Hall--Glass_Pavilion
-76.618959,39.327025 -76.618255,39.326473 86.21703657850678 Power_Plant--Gatehouse
-76.621286,39.332114 -76.621882,39.333233 134.66271534723273 Ralph_S._O'Connor_Recreation_Center--ROTC_Bldg
-76.620057,39.329465 -76.620152,39.330216 84.02193188902837 Remsen_Hall--Dunning_Hall
-76.616699,39.331138 -76.616769,39.329399 193.46844252104742 Rogers_House--McCoy_Hall
-76.621882,39.333233 -76.623356,39.33281 135.21999809195123 ROTC_Bldg--Steven_Muller_Bldg.
-76.624213,39.330561 -76.623356,39.331695 146.16438865153984 San_Martin_Center--Bloomberg_Center_for_Physics_&_Astronomy
-76.619946,39.327179 -76.618995,39.327319 83.31026992036684 Shaffer_Hall--Whitehead_Hall
-76.620265,39.326415 -76.619503,39.325996 80.4495381214026 Shriver_Hall--Baltimore_Museum_of_Art
-76.61706,39.326521 -76.617195,39.327692 130.725781994582 Smokler_Center_for_Jewish_Life_(Hillel)--Abel_Wolman_House
-76.617256,39.327575 -76.618371,39.327802 99.21553175421184 Steinwald_House--Mattin_Center
-76.623356,39.33281 -76.621286,39.332114 194.16432346092745 Steven_Muller_Bldg.
-76.617201,39.327864 -76.617179,39.328678 90.61719656290921 The_Blackstone_Apts.--The_Charles_Apts.
-76.617179,39.328678 -76.616769,39.329399 87.59811122656761 The_Charles_Apts.--McCoy_Hall
-76.620647,39.331158 -76.619787,39.331919 112.42850513137147 Undergraduate_Teaching_Labs--AMR3
-76.618995,39.327319 -76.618371,39.327802 75.96398734688123 Whitehead_Hall--Mattin_Center
-76.616908,39.328945 -76.616383,39.328522 65.21945153553321 Wolman_Hall--Charles_Commons
-76.622764,39.32516 -76.620883,39.326204 199.1726413301581 Wyman_Park_Bldg.--Malone_Hall
-76.617195,39.327692 -76.616263,39.328314 105.94361335836048 Abel_Wolman_House--Barnes_&_Noble
-76.620791,39.328583 -76.619993,39.327988 95.27197345074806 Ames_Hall--Maryland_Hall
-76.619787,39.331919 -76.620536,39.330875 132.8265555061452 -76.619503,39.325996 -76.620265,39.326415--Mudd_Hall
-76.618483,39.330674 -76.616699,39.331138 161.98102997415634 AMR1--Rogers_House
-76.619129,39.331473 -76.620536,39.330875 138.12302868616982 AMR2--Mudd_Hall
-76.619503,39.325996 -76.618959,39.327025 123.72095309232533 Baltimore_Museum_of_Art--Power_Plant
-76.616263,39.328314 -76.616908,39.328945 89.50994814710401 Barnes_&_Noble--Wolman_Hall
-76.620651,39.327139 -76.62159,39.327351 84.12285469262764 Barton_Hall--Garland_Hall
-76.623356,39.331695 -76.621286,39.332114 184.02250454452047 Bloomberg_Center_for_Physics_&_Astronomy--Ralph_S._O'Connor_Recreation_Center
-76.619503,39.325996 -76.618959,39.327025 123.72095309232533 BMA_Sculpture_Garden--Power_Plant
-76.615658,39.328459 -76.617179,39.328678 133.0769310837988 Bradford_Apts.--The_Charles_Apts.
-76.619335,39.328421 -76.619993,39.327988 74.30522089628026 Brody_Learning_Commons--Maryland_Hall
-76.617398,39.331876 -76.619787,39.331919 205.57577362074204 Bunting_Meyerhoff_Interfaith_and_Community_Service_Center--AMR3
-76.616383,39.328522 -76.617179,39.328678 70.6092401119077 Charles_Commons--The_Charles_Apts.
-76.621444,39.330336 -76.620654,39.329599 106.46055149780082 Chemistry_Bldg.--Mergenthaler_Hall
-76.622286,39.326896 -76.62155,39.32591 126.67030283402103 Clark_Hall--Mason_Hall
-76.619505,39.327173 -76.620651,39.327139 98.73534309290865 Croft_Hall--Barton_Hall
-76.617737,39.323056 -76.618255,39.326473 382.7169482756174 Dell_House--Gatehouse
-76.620152,39.330216 -76.620057,39.329465 84.02193188902837 Dunning_Hall--Remsen_Hall
-76.617705,39.322373 -76.618255,39.326473 458.51510117994485 Education_Building--Gatehouse
-76.62159,39.327351 -76.620916,39.326873 78.6616332309785 Garland_Hall--Hackerman_Hall
-76.618255,39.326473 -76.619503,39.325996 119.80236228957682 Gatehouse--Baltimore_Museum_of_Art
-76.621619,39.328941 -76.621689,39.328053 98.95764351634918 Gilman_Hall--Levering_Hall
-76.621789,39.328445 -76.622527,39.329244 109.29049900794212 Glass_Pavilion--Greenhouse_&_Greenhouse_South
-76.622527,39.329244 -76.621789,39.328445 109.29049900794212 Greenhouse_&_Greenhouse_South--Glass_Pavilion
-76.620916,39.326873 -76.62159,39.327351 78.6616332309785 Hackerman_Hall--Garland_Hall
-76.622349,39.327555 -76.621789,39.328445 110.06628426963682 Hodson_Hall--Glass_Pavilion
-76.616855,39.32529 -76.617256,39.327575 256.49369281821106 Homewood_Apts.--Steinwald_House
-76.620873,39.333436 -76.619787,39.331919 192.89336291278602 Homewood_Field--AMR3
-76.618946,39.329743 -76.620152,39.330216 116.38263466370793 Homewood_Museum--Dunning_Hall
-76.619501,39.345959 -76.623356,39.33281 1499.686958313304 Jenkins_Hall--Steven_Muller_Bldg.
-76.622243,39.33015 -76.620797,39.330175 124.46493214493054 Johns_Hopkins_Club--Macaulay_Hall
-76.619988,39.328616 -76.619993,39.327988 69.82039980173397 Krieger_Hall--Maryland_Hall
-76.62186,39.334646 -76.621286,39.332114 285.92325280990997 Lacrosse_Hall_of_Fame--Ralph_S._O'Connor_Recreation_Center
-76.620776,39.327721 -76.621689,39.328053 86.77165161865729 Latrobe_Hall--Levering_Hall
-76.621689,39.328053 -76.620776,39.327721 86.77165161865729 Levering_Hall--Latrobe_Hall
-76.620797,39.330175 -76.620536,39.330875 81.0735832725274 Macaulay_Hall--Mudd_Hall
-76.620883,39.326204 -76.620651,39.327139 105.85295017262716 Malone_Hall--Barton_Hall
-76.619993,39.327988 -76.619,39.328101 86.35692859366361 Maryland_Hall--Merrick_Barn
-76.62155,39.32591 -76.622286,39.326896 126.67030283402103 Mason_Hall--Clark_Hall
-76.618371,39.327802 -76.618959,39.327025 100.14099206237913 Mattin_Center--Power_Plant
-76.624944,39.330951 -76.623356,39.33281 247.87766994832384 Maxine_F._Singer_Bldg.
-76.616769,39.329399 -76.616263,39.328314 128.3502989541297 McCoy_Hall--Barnes_&_Noble
-76.620654,39.329599 -76.621444,39.330336 106.46055149780082 Mergenthaler_Hall--Chemistry_Bldg.
-76.619,39.328101 -76.618995,39.327319 87.0385390805399 Merrick_Barn--Whitehead_Hall
-76.619425,39.329053 -76.618946,39.329743 87.0940586143533 Milton_S._Eisenhower_Library--Homewood_Museum
-76.620536,39.330875 -76.621444,39.330336 98.51534287740844 Mudd_Hall--Chemistry_Bldg.
-76.623143,39.32976 -76.621444,39.330336 159.59454791875424 Nichols_House--Chemistry_Bldg.
-76.62369,39.328154 -76.621689,39.328053 172.53345947008745 Olin_Hall--Levering_Hall
-76.618959,39.327025 -76.619946,39.327179 86.67072409574499 Power_Plant--Shaffer_Hall
-76.621286,39.332114 -76.620873,39.333436 151.37115738778547 Ralph_S._O'Connor_Recreation_Center--Homewood_Field
-76.620057,39.329465 -76.619988,39.328616 94.57560573433979 Remsen_Hall--Krieger_Hall
-76.616699,39.331138 -76.619129,39.331473 212.38398171461859 Rogers_House--AMR2
-76.621882,39.333233 -76.62186,39.334646 157.123957974496 ROTC_Bldg--Lacrosse_Hall_of_Fame
-76.624213,39.330561 -76.622243,39.33015 175.50422986344591 San_Martin_Center--Johns_Hopkins_Club
-76.619946,39.327179 -76.618959,39.327025 86.67072409574499 Shaffer_Hall--Power_Plant
-76.620265,39.326415 -76.620651,39.327139 87.0887083754537 Shriver_Hall--Barton_Hall
-76.61706,39.326521 -76.616855,39.32529 138.04213455020258 Smokler_Center_for_Jewish_Life_(Hillel)--Homewood_Apts.
-76.617256,39.327575 -76.61706,39.326521 118.45886126257538 Steinwald_House--Smokler_Center_for_Jewish_Life_(Hillel)
-76.623356,39.33281 -76.620873,39.333436 224.63079165188645 Steven_Muller_Bldg.
-76.617201,39.327864 -76.616263,39.328314 94.9856693789097 The_Blackstone_Apts.--Barnes_&_Noble
-76.617179,39.328678 -76.616263,39.328314 88.59561803006541 The_Charles_Apts.--Barnes_&_Noble
-76.620647,39.331158 -76.620152,39.330216 113.11323434625268 Undergraduate_Teaching_Labs--Dunning_Hall
-76.618995,39.327319 -76.619946,39.327179 83.31026992036684 Whitehead_Hall--Shaffer_Hall
-76.616908,39.328945 -76.616263,39.328314 89.50994814710401 Wolman_Hall--Barnes_&_Noble
-76.622764,39.32516 -76.620916,39.326873 248.18509193530377 Wyman_Park_Bldg.--Hackerman_Hall
-76.617195,39.327692 -76.617179,39.328678 109.73752537932603 Abel_Wolman_House--The_Charles_Apts.
-76.620791,39.328583 -76.620776,39.327721 95.8546439371121 Ames_Hall--Latrobe_Hall
-76.619787,39.331919 -76.618483,39.330674 178.2875400552296 AMR3--AMR1
-76.618483,39.330674 -76.617398,39.331876 163.1299978464749 AMR1--Bunting_Meyerhoff_Interfaith_and_Community_Service_Center
-76.619129,39.331473 -76.617398,39.331876 155.50333974239282 AMR2--Bunting_Meyerhoff_Interfaith_and_Community_Service_Center
-76.619503,39.325996 -76.619505,39.327173 130.97316932366004 Baltimore_Museum_of_Art--Croft_Hall
-76.616263,39.328314 -76.617201,39.327864 94.9856693789097 Barnes_&_Noble--The_Blackstone_Apts.
-76.620651,39.327139 -76.620265,39.326415 87.0887083754537 Barton_Hall--Shriver_Hall
-76.623356,39.331695 -76.622243,39.33015 196.66579382694616 Bloomberg_Center_for_Physics_&_Astronomy--Johns_Hopkins_Club
-76.619503,39.325996 -76.619505,39.327173 130.97316932366004 BMA_Sculpture_Garden--Croft_Hall
-76.615658,39.328459 -76.616769,39.329399 141.71020816978756 Bradford_Apts.--McCoy_Hall
-76.619335,39.328421 -76.618371,39.327802 107.75394635577841 Brody_Learning_Commons--Mattin_Center
-76.617398,39.331876 -76.618946,39.329743 272.1289818965844 Bunting_Meyerhoff_Interfaith_and_Community_Service_Center--Homewood_Museum
-76.616383,39.328522 -76.617201,39.327864 101.57252438464168 Charles_Commons--The_Blackstone_Apts.
-76.621444,39.330336 -76.620152,39.330216 111.92193598304475 Chemistry_Bldg.--Dunning_Hall
-76.622286,39.326896 -76.621689,39.328053 138.4635128393735 Clark_Hall--Levering_Hall
-76.619505,39.327173 -76.619993,39.327988 99.96318242805272 Croft_Hall--Maryland_Hall
-76.617737,39.323056 -76.61706,39.326521 389.8216130733493 Dell_House--Smokler_Center_for_Jewish_Life_(Hillel)
-76.620152,39.330216 -76.621444,39.330336 111.92193598304475 Dunning_Hall--Chemistry_Bldg.
-76.617705,39.322373 -76.61706,39.326521 464.7344700302926 Education_Building--Smokler_Center_for_Jewish_Life_(Hillel)
-76.62159,39.327351 -76.620776,39.327721 81.15163792246433 Garland_Hall--Latrobe_Hall
-76.618255,39.326473 -76.619505,39.327173 132.71431398085133 Gatehouse--Croft_Hall
-76.621619,39.328941 -76.620654,39.329599 110.7160935579206 Gilman_Hall--Mergenthaler_Hall
-76.621789,39.328445 -76.622349,39.327555 110.06628426963682 Glass_Pavilion--Hodson_Hall
-76.622527,39.329244 -76.621689,39.328053 150.8929542127416 Greenhouse_&_Greenhouse_South--Levering_Hall
-76.620916,39.326873 -76.619946,39.327179 90.07694805389643 Hackerman_Hall--Shaffer_Hall
-76.622349,39.327555 -76.62369,39.328154 133.20517350230514 Hodson_Hall--Olin_Hall
-76.616855,39.32529 -76.617737,39.323056 259.8556901160352 Homewood_Apts.--Dell_House
-76.620873,39.333436 -76.623356,39.33281 224.63079165188645 Homewood_Field--Steven_Muller_Bldg.
-76.618946,39.329743 -76.620654,39.329599 147.80306054032673 Homewood_Museum--Mergenthaler_Hall
-76.619501,39.345959 -76.621286,39.332114 1547.680350015793 Jenkins_Hall--Ralph_S._O'Connor_Recreation_Center
-76.622243,39.33015 -76.621619,39.328941 144.8963252498737 Johns_Hopkins_Club--Gilman_Hall
-76.619988,39.328616 -76.620057,39.329465 94.57560573433979 Krieger_Hall--Remsen_Hall
-76.62186,39.334646 -76.619787,39.331919 351.77116027568076 Lacrosse_Hall_of_Fame--AMR3
-76.620776,39.327721 -76.619946,39.327179 93.44284014617433 Latrobe_Hall--Shaffer_Hall
-76.621689,39.328053 -76.620791,39.328583 97.21923732625233 Levering_Hall--Ames_Hall
-76.620797,39.330175 -76.620057,39.329465 101.458633282748 Macaulay_Hall--Remsen_Hall
-76.620883,39.326204 -76.619503,39.325996 120.9732604224873 Malone_Hall--Baltimore_Museum_of_Art
-76.619993,39.327988 -76.619946,39.327179 90.0868664408058 Maryland_Hall--Shaffer_Hall
-76.62155,39.32591 -76.622764,39.32516 133.60551863145517 Mason_Hall--Wyman_Park_Bldg.
-76.618371,39.327802 -76.617201,39.327864 100.93390978770069 Mattin_Center--The_Blackstone_Apts.
-76.624944,39.330951 -76.622243,39.33015 248.83066470607767 Maxine_F._Singer_Bldg.
-76.616769,39.329399 -76.615658,39.328459 141.71020816978756 McCoy_Hall--Bradford_Apts.
-76.620654,39.329599 -76.621619,39.328941 110.7160935579206 Mergenthaler_Hall--Gilman_Hall
-76.619,39.328101 -76.619988,39.328616 102.47334772263608 Merrick_Barn--Krieger_Hall
-76.619425,39.329053 -76.619,39.328101 111.98389910032883 Milton_S._Eisenhower_Library--Merrick_Barn
-76.620536,39.330875 -76.619787,39.331919 132.8265555061452 Mudd_Hall--AMR3
-76.623143,39.32976 -76.621619,39.328941 159.7069730741835 Nichols_House--Gilman_Hall
-76.62369,39.328154 -76.623143,39.32976 184.75660536183798 Olin_Hall--Nichols_House
-76.618959,39.327025 -76.618371,39.327802 100.14099206237913 Power_Plant--Mattin_Center
-76.621286,39.332114 -76.620536,39.330875 152.1261289016309 Ralph_S._O'Connor_Recreation_Center--Mudd_Hall
-76.620057,39.329465 -76.618946,39.329743 100.47999556675767 Remsen_Hall--Homewood_Museum
-76.616699,39.331138 -76.616908,39.328945 244.5347161666495 Rogers_House--Wolman_Hall
-76.621882,39.333233 -76.623356,39.331695 212.9146024298803 ROTC_Bldg--Bloomberg_Center_for_Physics_&_Astronomy
-76.624213,39.330561 -76.622527,39.329244 206.09897733386742 San_Martin_Center--Greenhouse_&_Greenhouse_South
-76.619946,39.327179 -76.620265,39.326415 89.26249532106544 Shaffer_Hall--Shriver_Hall
-76.620265,39.326415 -76.619946,39.327179 89.26249532106544 Shriver_Hall--Shaffer_Hall
-76.61706,39.326521 -76.617201,39.327864 149.8305322014531 Smokler_Center_for_Jewish_Life_(Hillel)--The_Blackstone_Apts.
-76.617256,39.327575 -76.616263,39.328314 118.5543673952283 Steinwald_House--Barnes_&_Noble
-76.623356,39.33281 -76.62186,39.334646 241.33997582337614 Steven_Muller_Bldg.
-76.617201,39.327864 -76.618371,39.327802 100.93390978770069 The_Blackstone_Apts.--Mattin_Center
-76.617179,39.328678 -76.617201,39.327864 90.61719656290921 The_Charles_Apts.--The_Blackstone_Apts.
-76.620647,39.331158 -76.621444,39.330336 114.35192501060838 Undergraduate_Teaching_Labs--Chemistry_Bldg.
-76.618995,39.327319 -76.619,39.328101 87.0385390805399 Whitehead_Hall--Merrick_Barn
-76.616908,39.328945 -76.615658,39.328459 120.37453963157667 Wolman_Hall--Bradford_Apts.
-76.622764,39.32516 -76.620265,39.326415 256.368747292764 Wyman_Park_Bldg.--Shriver_Hall
